
Z = 0.01 [m] ----> G = 0.003192 +/- 0.000157 (4.92 %)
Z = 0.05 [m] ----> G = 0.001301 +/- 8.5e-05 (6.56 %)
Z = 0.1  [m] ----> G = 0.000503 +/- 3.7e-05 (7.42 %)

