
Z = 0.01 [m] ----> G = 0.003192 +/- 0.000157 (4.92 %)
Z = 0.05 [m] ----> G = 0.001301 +/- 8.5e-05 (6.56 %)
Z = 0.014  [m] ----> G = 0.002927 +/- 0.000149 (5.11 %)

